$ANSIBLE_VAULT;1.1;AES256
65343331376130336566633065303365356266343066383439613030636265363464616339323135
3730386162633463366435613931336666363630336563320a383738353434373363393639373963
62626163633861626663376138393631333039663036333331653832303566623963616161343431
6362313830323333310a373731643037306433633632623732326238396433636434653734346339
34363738373136623162346530626266666530353330396466616661393265646266336161356439
35643835333637306164653162313765643837393436346535303465376566316364306165636634
61366537323265346436643737396664613830393434646263653538306165376136633633363163
39333763303262383335313836386633336564386236663333326335373731636139663066656232
62323532616634663635616639343163396134386462366438313236646430303932353637316438
33336636316432303533653538316365313632633930333432343065616437366336323561306634
31386432333766663632353938666133376663323537646638623066383739616462353431373335
66316239653133373631636331373833316238666138373865633666393561363939653039336630
63303364653331316138393762336533303863336633633633313061313138343032666365303935
36633033326634336536386164643761633933633464366638613230653638663266373536366264
63363739356462313363386637626464373634386635353764343165353961373533346561346131
39643135313961316165393131633035323430323733646430626638656565396465393434383063
61303665373566663563333931306530313566336161383865393935646233363936663630656531
32653563323239613330623334336362303332343063663438613035323439373564613666323763
62313238666132366136373765353766356261633637633130623963623866356137373863373666
31636364633134353939306564663965386662646434653330613430613961383736343536633436
30653336653138306464623038363363323262623664326565383164653834663236396635323335
31633237663464663961653634386635383436663436373162356262663332663136623762626638
30343231303633643033353332343731363234343466616131373939623663393264323138343662
37303632336163623239646232613430386631303636313130616262626632643835303534666363
3661
